

The profile list

Last change: 18/01/2021

All values are separated with 1 or more tabulation
Keep all titles similar if new added (start with asterix)
->Name of familly
->Norm
->Unit
->Give the names of values with "/" to separate themselves

Warning:
These file is give as a freeware, you must ckeck all values for your design.
Some dimensions could be inusual or have some errors.



*Equal Leg Angles
*EN 10056-1
*Metric Units
*Size/Height/Width/Thickness/Radius1/Radius2/Weight
250x250x35		250		250		35		18		9		128
250x250x32		250		250		32		20		10		118
250x250x28		250		250		28		18		9		104
250x250x25		250		250		25		20		10		93.6
200x200x24		200		200		24		18		9		71.1
200x200x20		200		200		20		18		9		59.9
200x200x18		200		200		18		18		9		54.2
200x200x16		200		200		16		18		9		48.5
180x180x18		180		180		18		18		9		48.6
180x180x16		180		180		16		18		9		43.5
160x160x15		160		160		15		17		8.5		36.2
150x150x18		150		150		18		16		8		40.1
150x150x15		150		150		15		16		8		33.8
150x150x12		150		150		12		16		8		27.3
150x150x10		150		150		10		16		8		23
130x130x12		130		130		12		14		7		23.5
120x120x15		120		120		15		13		6.5		26.6
120x120x12		120		120		12		13		6.5		21.6
120x120x10		120		120		10		13		6.5		18.2
120x120x8		120		120		8		13		6.5		14.7
100x100x15		100		100		15		12		6.5		21.9
100x100x12		100		100		12		12		6		17.8
100x100x10		100		100		10		12		6		15
100x100x8		100		100		8		12		6		12.2
90x90x12		90		90		12		11		5.5		15.9
90x90x10		90		90		10		11		5.5		13.4
90x90x9			90		90		9		11		5.5		12.2
90x90x8			90		90		8		11		5.5		10.9
90x90x7			90		90		7		11		5.5		9.6
90x90x6			90		90		6		11		5.5		8.3
80x80x10		80		80		10		10		5		11.9
80x80x8			80		80		8		10		5		9.6
80x80x6			80		80		6		10		5		7.3
75x75x8			75		75		8		9		5		9
75x75x6			75		75		6		9		4.5		6.9
70x70x10		70		70		10		9		4.5		10.3
70x70x7			70		70		8		9		4.5		8.4
70x70x8			70		70		7		9		4.5		7.4
70x70x6			70		70		6		9		4.5		6.4
65x65x7			65		65		7		9		4.5		6.8
60x60x10		60		60		10		8		4		8.7
60x60x8			60		60		8		8		4		7.1
60x60x6			60		60		6		8		4		5.4
60x60x5			60		60		5		8		4		4.6
50x50x8			50		50		8		7		3.5		5.8
50x50x6			50		50		6		7		3.5		4.5
50x50x5			50		50		5		7		3.5		3.8
50x50x4			50		50		4		7		3.5		3.1
50x50x3			50		50		3		7		3.5		2.3
45x45x6			45		45		6		7		3.5		4
45x45x5			45		45		5		7		3.5		3.4
45x45x4.5		45		45		4.5		7		3.5		3.1
45x45x4			45		45		4		7		3.5		2.7
45x45x3			45		45		3		7		3.5		2.1
40x40x6			40		40		6		6		3		3.5
40x40x5			40		40		5		6		3		3.0
40x40x4			40		40		4		6		3		2.4
40x40x3			40		40		3		6		3		1.8
35x35x4			35		35		4		5		2.5		2.1
30x30x5			30		30		5		5		2.5		2.2
30x30x4			30		30		4		5		2.5		1.8
30x30x3			30		30		3		5		2.5		1.4
25x25x5			25		25		5		3.5		1.2		1.82
25x25x4			25		25		4		3.5		1.0		1.50
25x25x3			25		25		3		4		1.8		1.15
20x20x3			20		20		3		4		1.8		0.90
16x16x3			16		16		3		3		1.5		0.71


*Unequal Leg Angles
*EN 10056-1
*Metric Units
*Size/Height/Width/Thickness/Radius1/Radius2/Weight
250x150x15		200		150		15		15		7.5		39.6
200x150x12		200		150		12		15		7.5		32.0
200x100x15		200		100		15		15		7.5		33.7
200x100x12		200		100		12		15		7.5		27.3
200x100x10		200		100		10		15		7.5		23.0
150x100x12		150		100		12		12		6		22.5
150x100x10		150		100		10		12		6		19.0
150x90x15		150		90		15		12		6		26.6
150x90x12		150		90		12		12		6		21.6
150x90x10		150		90		10		12		6		18.2
150x75x15		150		75		15		11		5.5		24.8
150x75x12		150		75		12		11		5.5		20.2
150x75x10		150		75		10		11		5.5		17.0
150x75x9		150		75		9		12		6		15.4
135x65x10		135		65		10		11		5.5		15.0
135x65x8		135		65		8		11		5.5		12.2
125x75x12		125		75		12		11		5.5		17.8
125x75x10		125		75		10		11		5.5		15.0
125x75x8		125		75		8		11		5.5		12.2
120x80x12		120		80		12		11		5.5		17.8
120x80x10		120		80		10		11		5.5		15.0
120x80x8		120		80		8		11		5.5		12.2
100x75x12		100		75		12		10		5		15.4
100x75x10		100		75		10		10		5		13.0
100x75x8		100		75		8		10		5		10.6
100x65x10		100		65		10		10		5		12.3
100x65x8		100		65		8		10		5		9.9
100x65x7		100		65		7		10		5		8.8
100x50x8		100		50		8		8		4		9.0
100x50x6		100		50		6		8		4		6.8
80x60x7			80		60		7		8		4		7.4
80x40x8			80		40		8		7		3.5		7.1
80x40x6			80		40		6		7		3.5		5.4
75x50x8			75		50		8		7		3.5		7.4
75x50x6			75		50		6		7		3.5		5.7
70x50x6			75		50		6		7		3.5		5.4
65x50x5			65		50		5		6		3		4.4
60x40x6			60		40		6		6		3		4.5
60x40x5			60		40		5		6		3		3.8
60x30x5			60		30		5		6		3		3.4
50x30x5			50		30		5		4.5		2		3.0
45x30x4			45		30		4		4.5		2		2.3
40x25x4			40		25		4		4		2		1.9
40x20x4			40		20		4		3.5		2		1.8
30x20x4			30		20		4		3.5		2		1.5
30x20x3			30		20		3		3.5		2		1.1



*Flat Sections
*EN10025
*Metric Units
*Size/Height/Width/Weight
10x3		3		10		0.24
13x3		3		13		0.32
13x5		5		13		0.48
13x6		6		13		0.61
16x3		3		16		0.38
16x5		5		16		0.63
16x6		6		16		0.75
20x3		3		20		0.47
20x5		5		20		0.79
20x6		6		20		0.94
20x8		8		20		1.25
20x10		10		20		1.57
20x12		12		20		1.88
25x3		3		25		0.59
25x5		5		25		0.98
25x6		6		25		1.18
25x8		8		25		1.57
25x10		10		25		1.96
25x12		12		25		2.36
25x15		15		25		2.94
25x20		20		25		3.93
30x3		3		30		0.71
30x5		5		30		1.18
30x6		6		30		1.41
30x8		8		30		1.88
30x10		10		30		2.36
30x12		12		30		2.83
30x15		15		30		3.53
30x20		20		30		4.71
35x3		3		35		0.82
35x5		5		35		1.37
35x6		6		35		1.65
35x8		8		35		2.2
35x10		10		35		2.75
35x12		12		35		3.3
35x15		15		35		4.12
35x20		20		35		5.5
35x25		25		35		6.87
40x3		3		40		0.94
40x5		5		40		1.57
40x6		6		40		1.88
40x8		8		40		2.51
40x10		10		40		3.14
40x12		12		40		3.77
40x15		15		40		4.71
40x20		20		40		6.28
40x25		25		40		7.85
40x30		30		40		9.42
45x3		3		45		1.06
45x5		5		45		1.77
45x6		6		45		2.12
45x8		8		45		2.83
45x10		10		45		3.53
45x12		12		45		4.24
45x15		15		45		5.3
45x20		20		45		7.07
45x25		25		45		8.83
50x3		3		50		1.18
50x5		5		50		1.96
50x6		6		50		2.36
50x8		8		50		3.14
50x10		10		50		3.93
50x12		12		50		4.72
50x15		15		50		5.89
50x20		20		50		7.85
50x25		25		50		9.81
50x30		30		50		11.8
50x40		40		50		15.7
60x5		5		60		2.36
60x6		6		60		2.83
60x8		8		60		3.77
60x10		10		60		4.71
60x12		12		60		5.66
60x15		15		60		7.07
60x20		20		60		9.42
60x25		25		60		11.8
60x30		30		60		14.13
65x5		5		65		2.55
65x6		6		65		3.06
65x8		8		65		4.08
65x10		10		65		5.1
65x12		12		65		6.12
65x15		15		65		7.65
65x20		20		65		10.2
65x25		25		65		12.8
65x40		40		65		20.4
65x50		50		65		25.5
70x6		6		70		3.3
70x8		8		70		4.4
70x10		10		70		5.5
70x12		12		70		6.6
70x15		15		70		8.24
70x20		20		70		11
70x25		25		70		13.7
70x30		30		70		16.5
70x40		40		70		22
75x6		6		75		3.53
75x8		8		75		4.71
75x10		10		75		5.89
75x12		12		75		7.06
75x15		15		75		8.83
75x20		20		75		11.8
75x25		25		75		14.7
80x3		3		80		1.88
80x5		5		80		3.14
80x6		6		80		3.77
80x8		8		80		5.02
80x10		10		80		6.28
80x12		12		80		7.54
80x15		15		80		9.42
80x20		20		80		12.6
80x25		25		80		15.7
80x30		30		80		18.8
80x50		50		80		31.4
90x5		5		90		3.53
90x6		6		90		4.24
92x8		8		90		5.65
90x10		10		90		7.07
90x12		12		90		8.48
90x15		15		90		10.6
90x20		20		90		14.1
90x25		25		90		17.7
90x30		30		90		21.2
100x3		3		100		2.36
100x5		5		100		3.93
100x6		6		100		4.71
100x8		8		100		6.28
100x10		10		100		7.85
100x12		12		100		9.42
100x15		15		100		11.8
100x20		20		100		15.7
100x25		25		100		19.6
100x30		30		100		23.6
100x40		40		100		31.4
100x50		50		100		39.3
110x6		6		110		5.18
110x8		8		110		6.91
110x10		10		110		8.64
110x12		12		110		10.4
110x15		15		110		13
110x20		20		110		17.3
110x25		25		110		21.64
120x6		6		120		5.65
120x8		8		120		7.54
120x10		10		120		9.42
120x12		12		120		11.3
120x15		15		120		14.13
120x20		20		120		18.8
120x25		25		120		23.6
130x5		5		130		5.1
130x6		6		130		6.12
130x8		8		130		8.16
130x10		10		130		10.21
130x12		12		130		12.25
130x15		15		130		15.31
130x20		20		130		20.41
130x25		25		130		25.51
130x30		30		130		30.62
140x6		6		140		6.59
140x12		12		140		13.2
140x15		15		140		16.49
140x25		25		140		27.48
150x5		5		150		5.89
150x6		6		150		7.07
150x8		8		150		9.42
150x10		10		150		11.78
150x12		12		150		14.13
150x15		15		150		17.66
150x20		20		150		23.55
150x25		25		150		29.44
150x30		30		150		35.33
150x40		40		150		47.1
180x6		6		180		8.48
180x8		8		180		11.3
180x10		10		180		14.13
180x12		12		180		16.96
180x15		15		180		21.2
180x20		20		180		28.26
180x25		25		180		35.33
200x6		6		200		9.42
200x8		8		200		12.6
200x10		10		200		15.7
200x12		12		200		18.84
200x15		15		200		23.55
200x20		20		200		31.4
200x25		25		200		39.25
220x5		5		220		8.64
220x6		6		220		10.36
220x8		8		220		13.82
220x10		10		220		17.27
220x12		12		220		20.72
220x15		15		220		25.91
220x20		20		220		34.54
220x25		25		220		43.18
230x10		10		230		18.1
230x15		15		230		27.1
230x20		20		230		36.1
230x25		25		230		45.1
250x6		6		250		11.78
250x8		8		250		15.7
250x10		10		250		19.6
250x12		12		250		23.55
250x15		15		250		29.44
250x20		20		250		39.25
250x25		25		250		49.06
300x6		6		300		14.13
300x8		8		300		18.84
300x10		10		300		23.55
300x12		12		300		28.26
300x15		15		300		35.33
300x20		20		300		47.1
300x25		25		300		58.88
350x10		10		350		27.48
350x12		12		350		33
350x15		15		350		41.21
350x20		20		350		54.95
350x25		25		350		68.69
400x10		10		400		31.4
400x12		12		400		37.7
400x15		15		400		47.1
400x20		20		400		62.8
400x25		25		400		78.5
450x20		20		450		70.7
450x25		25		450		88.3
500x20		20		500		78.5
500x25		25		500		98.1
500x30		30		500		118




*Square
*EN
*Metric Units
*Size/Height/Width/Weight
6x6			6		6		0.29
8x8			8		8		0.51
10x10		10		10		0.80
12x12		12		12		1.15
14x14		14		14		1.57
15x15		15		15		1.80
16x16		16		16		2.05
18x18		18		18		2.59
20x20		20		20		3.20
25x25		25		25		5.00
30x30		30		30		7.20
35x35		35		35		9.80
40x40		40		40		12.8
45x45		45		45		16.2
50x50		50		50		20.0
60x60		60		60		28.8
70x70		70		70		39.2
80x80		80		80		51.2
90x90		90		90		64.8
100x100		100		100		80.0
110x110		110		110		96.8
120x120		120		120		115.20
130x130		130		130		135.2
140x140		140		140		156.8







*Square Hollow
*EN10210/10219
*Metric Units
*Size/Height/Width/Thickness/Radius1/Radius2/Weight
10x1.0		10		10		1		2		1		0.28
12x1.5		12		12		1.5		2		1		0.50
15x1.5		15		15		1.5		3		1.5		0.65
15x2.0		15		15		2.0		4		2		0.83
20x2.0		20		20		2		4		2		1.05
20x2.5		20		20		2.5		5		2.5		1.25
25x2.0		25		25		2		4		2		1.36
25x2.5		25		25		2.5		5		2.5		1.64
25x3.0		25		25		3		6		3		1.89
30x2.0		30		30		2		4		2		1.68
30x2.5		30		30		2.5		5		2.5		2.0
30x3.0		30		30		3		6		3		2.4
40x2.0		40		40		2		4		2		2.3
40x2.5		40		40		2.5		5		2.5		2.8
40x3.0		40		40		3		6		3		3.3
40x4.0		40		40		4		8		4		4.2
50x2.0		50		50		2		4		2		2.9
50x2.5		50		50		2.5		5		2.5		3.6
50x3.0		50		50		3		6		3		4.3
50x4.0		50		50		4		8		4		5.5
50x5.0		50		50		5		10		5		6.6
60x2.0		60		60		2		4		2		3.6
60x2.5		60		60		2.5		5		2.5		4.4
60x3.0		60		60		3		6		3		5.2
60x4.0		60		60		4		8		4		6.7
60x5.0		60		60		5		10		5		8.1
60x6.0		60		60		6		12		6		9.5
60x6.3		60		60		6.3		15.75	9.45	9.6
70x2.5		70		70		2.5		5		2.5		5.2
70x3.0		70		70		3		6		3		6.1
70x3.6		70		70		3.6		7.2		3.6		7.2
70x4.0		70		70		4		8		4		8.0
70x5.0		70		70		5		10		5		9.7
70x6.0		70		70		6		12		6		11.3
70x6.3		70		70		6.3		15.75	9.45	11.5
80x3.0		80		80		3		6		3		7.1
80x3.6		80		80		3.6		7.2		3.6		8.4
80x4.0		80		80		4		8		4		9.2
80x5.0		80		80		5		10		5		11.3
80x6.0		80		80		6		12		6		13.2
80x6.3		80		80		6.3		15.75	9.45	13.5
80x8.0		80		80		8		20		12		16.4
90x3.0		90		80		3		6		3		8.0
90x3.6		90		90		3.6		7.2		3.6		9.5
90x4.0		90		90		4		8		4		10.5
90x5.0		90		90		5		10		5		12.8
90x6.0		90		90		6		12		6		15.1
90x6.3		90		90		6.3		15.75	9.45	15.5
90x8.0		90		90		8		20		12		18.9
100x3.0		100		100		3		6		3		9.0
100x4.0		100		100		4		8		4		11.7
100x5.0		100		100		5		10		5		14.4
100x6.0		100		100		6		12		6		17.0
100x6.3		100		100		6.3		15.75	9.45	17.5
100x8.0		100		100		8		20		12		21.4
100x10.0	100		100		10		25		15		25.6
100x12.0	100		100		12		36		24		28.3
100x12.5	100		100		12.5	37.5	25		29.1
120x3.0		120		120		3		6		3		10.8
120x4.0		120		120		4		8		4		14.2
120x5.0		120		120		5		10		5		17.5
120x6.0		120		120		6		12		6		20.7
120x6.3		120		120		6.3		15.75	9.45	21.4
120x8.0		120		120		8		20		12		26.4
120x10.0	120		120		10		25		15		31.8
120x12.0	120		120		12		36		24		35.8
120x12.5	120		120		12.5	37.5	25		36.9
140x4.0		140		140		4		8		4		16.8
140x5.0		140		140		5		10		5		20.7
140x6.0		140		140		6		12		6		24.5
140x6.3		140		140		6.3		15.75	9.45	25.4
140x8.0		140		140		8		20		12		31.4
140x10.0	140		140		10		25		15		38.1
140x12.0	140		140		12		36		24		43.4
140x12.5	140		140		12.5	37.5	25		44.8
150x4.0		150		150		4		8		4		18.0
150x5.0		150		150		5		10		5		22.3
150x6.0		150		150		6		12		6		26.4
150x6.3		150		150		6.3		15.75	9.45	27.4
150x8.0		150		150		8		20		12		33.9
150x10.0	150		150		10		25		15		41.3
150x12.0	150		150		12		36		24		47.1
150x12.5	150		150		12.5	37.5	25		48.7
150x16.0	150		150		16		48		32		58.7
160x4.0		160		160		4		8		4		19.3
160x5.0		160		160		5		10		5		23.8
160x6.0		160		160		6		12		6		28.3
160x6.3		160		160		6.3		15.75	9.45	29.3
160x8.0		160		160		8		20		12		36.5
160x10.0	160		160		10		25		15		44.4
160x12.0	160		160		12		36		24		50.9
160x12.5	160		160		12.5	37.5	25		52.6
160x16.0	160		160		16		48		32		63.7
180x4.0		180		180		4		8		4		21.8
180x5.0		180		180		5		10		5		27.0
180x6.0		180		180		6		12		6		32.1
180x6.3		180		180		6.3		15.75	9.45	33.3
180x8.0		180		180		8		20		12		41.5
180x10.0	180		180		10		25		15		50.7
180x12.0	180		180		12		36		24		58.5
180x12.5	180		180		12.5	37.5	25		60.5
180x16.0	180		180		16		48		32		73.8
200x4.0		200		200		4		8		4		24.3
200x5.0		200		200		5		10		5		30.1
200x6.0		200		200		6		12		6		35.8
200x6.3		200		200		6.3		15.75	9.45	37.2
200x8.0		200		200		8		20		12		46.5
200x10.0	200		200		10		25		15		57.0
200x12.0	200		200		12		36		24		66.0
200x12.5	200		200		12.5	37.5	25		68.3
200x16.0	200		200		16		48		32		83.8
220x5.0		220		220		5		10		5		33.2
220x6.0		220		220		6		12		6		39.6
220x6.3		220		220		6.3		15.75	9.45	41.2
220x8.0		220		220		8		20		12		51.5
220x10.0	220		220		10		25		15		63.2
220x12.0	220		220		12		36		24		73.5
220x12.5	220		220		12.5	37.5	25		76.2
220x16.0	220		220		16		48		32		93.9
250x5.0		250		250		5		10		5		38.0
250x6.0		250		250		6		12		6		45.2
250x6.3		250		250		6.3		15.75	9.45	47.1
250x8.0		250		250		8		20		12		59.1
250x10.0	250		250		10		25		15		72.7
250x12.0	250		250		12		36		24		84.8
250x12.5	250		250		12.5	37.5	25		88.0
250x16.0	250		250		16		48		32		109
260x6.0		260		260		6		12		6		47.1
260x6.3		260		260		6.3		15.75	9.45	49.1
260x8.0		260		260		8		20		12		61.6
260x10.0	260		260		10		25		15		75.8
260x12.0	260		260		12		36		24		88.6
260x12.5	260		260		12.5	37.5	25		91.9
260x16.0	260		260		16		48		32		114
300x6.0		300		300		6		12		6		54.7
300x6.3		300		300		6.3		15.75	9.45	57.0
300x8.0		300		300		8		20		12		71.6
300x10.0	300		300		10		25		15		88.4
300x12.0	300		300		12		36		24		104
300x12.5	300		300		12.5	37.5	25		108
300x16.0	300		300		16		48		32		134
350x8.0		350		350		8		20		12		84.2
350x10.0	350		350		10		25		15		104
350x12.0	350		350		12		36		24		123
350x12.5	350		350		12.5	37.5	25		127
350x16.0	350		350		16		48		32		159
400x10.0	400		400		10		25		15		120
400x12.0	400		400		12		36		24		141
400x12.5	400		400		12.5	37.5	25		147
400x16.0	400		400		16		48		32		184




*Rectangular Hollow
*EN 10210/10219
*Metric Units 
*Size/Height/Width/Thickness/Radius1/Radius2/Weight 
50x25x2.5		50		25		2.5		3.75	1.25	2.69
50x25x3			50		25		3		4.5		1.5		3.17
50x30x2.5		50		30		2.5		3.75	1.25	2.89
50x30x3			50		30		3		4.5		1.5		3.41 
50x30x3.2		50		30		3.2		4.8		1.6		3.61
50x30x3.6		50		30		3.6		5.4		1.8		4.01
50x30x4			50		30		4		6		2		4.39
50x30x5			50		30		5		7.5		2.5		5.28
60x40x2.5		60		40		2.5		3.75	1.25	3.68
60x40x3			60		40		3		4.5		1.5		4.35
60x40x3.2		60		40		3.2		4.8		1.6		4.62
60x40x3.6		60		40		3.6		5.4		1.8		5.14
60x40x4			60		40		4		6		2		5.64
60x40x5			60		40		5		7.5		2.5		6.85
60x40x6			60		40		6		9		3		7.99
60x40x6.3		60		40		6.3		9.45	3.15	8.31
80x40x3			80		40		3		4.5		1.5		5.29
80x40x3.2		80		40		3.2		4.8		1.6		5.62
80x40x3.6		80		40		3.6		5.4		1.8		6.27
80x40x4			80		40		4		6		2		6.9
80x40x5			80		40		5		7.5		2.5		8.42
80x40x6			80		40		6		9		3		9.87
80x40x6.3		80		40		6.3		9.45	3.15	10.3
80x40x8			80		40		8		12		4		12.5
76.2x50.8x3		76.2	50.8	3		4.5		1.5		5.62
76.2x50.8x3.2	76.2	50.8	3.2		4.8		1.6		5.97
76.2x50.8x3.6	76.2	50.8	3.6		5.4		1.8		6.66
76.2x50.8x4		76.2	50.8	4		6		2		7.34
76.2x50.8x5		76.2	50.8	5		7.5		2.5		8.97
76.2x50.8x6		76.2	50.8	6		9		3		10.5
76.2x50.8x6.3	76.2	50.8	6.3		9.45	3.15	11
76.2x50.8x8		76.2	50.8	8		12		4		13.4
90x50x3			90		50		3		4.5		1.5		6.24
90x50x3.2		90		50		3.2		4.8		1.6		6.63
90x50x3.6		90		50		3.6		5.4		1.8		7.4
90x50x4			90		50		4		6		2		8.15
90x50x5			90		50		5		7.5		2.5		9.99
90x50x6			90		50		6		9		3		11.8
90x50x6.3		90		50		6.3		9.45	3.15	12.3
90x50x8			90		50		8		12		4		15
100x50x3		100		50		3		4.5		1.5		6.71
100x50x3.2		100		50		3.2		4.8		1.6		7.13
100x50x3.6		100		50		3.6		5.4		1.8		7.96
100x50x4		100		50		4		6		2		8.78
100x50x5		100		50		5		7.5		2.5		10.8
100x50x6		100		50		6		9		3		12.7
100x50x6.3		100		50		6.3		9.45	3.15	13.3
100x50x8		100		50		8		12		4		16.3
100x60x3		100		60		3		4.5		1.5		7.18
100x60x3.2		100		60		3.2		4.8		1.6		7.63
100x60x3.6		100		60		3.6		5.4		1.8		8.53
100x60x4		100		60		4		6		2		9.41
100x60x5		100		60		5		7.5		2.5		11.6
100x60x6		100		60		6		9		3		13.6
100x60x6.3		100		60		6.3		9.45	3.15	14.2
100x60x8		100		60		8		12		4		17.5
120x60x3.6		120		60		3.6		5.4		1.8		9.66
120x60x4		120		60		4		6		2		10.7
120x60x5		120		60		5		7.5		2.5		13.1
120x60x6		120		60		6		9		3		15.5
120x60x6.3		120		60		6.3		9.45	3.15	16.2
120x60x8		120		60		8		12		4		20.1
120x60x10		120		60		10		12		4		24.6
120x80x3.6		120		80		3.6		5.4		1.8		10.8
120x80x4		120		80		4		6		2		11.9
120x80x5		120		80		5		7.5		2.5		14.7
120x80x6		120		80		6		9		3		17.4
120x80x6.3		120		80		6.3		9.45	3.15	18.2
120x80x8		120		80		8		12		4		22.6
120x80x10		120		80		10		15		5		27.4
140x80x4		140		80		4		6		2		13.2
140x80x5		140		80		5		7.5		2.5		16.3
140x80x6		140		80		6		9		3		19.3
140x80x6.3		140		80		6.3		9.45	3.15	20.2
140x80x8		140		80		8		12		4		25.1
140x80x10		140		80		10		15		5		30.6
150x100x4		150		100		4		6		2		15.1
150x100x5		150		100		5		7.5		2.5		18.6
150x100x6		150		100		6		9		3		22.1
150x100x6.3		150		100		6.3		9.45	3.15	23.1
150x100x8		150		100		8		12		4		28.9
150x100x10		150		100		10		15		5		35.3
150x100x12		150		100		12		18		6		41.4
150x100x12.5	150		100		12.5	18.75	6.25	42.8
160x80x4		160		80		4		6		2		14.4
160x80x5		160		80		5		7.5		2.5		17.8
160x80x6		160		80		6		9		3		21.2
160x80x6.3		160		80		6.3		9.45	3.15	22.2
160x80x8		160		80		8		12		4		27.6
160x80x10		160		80		10		15		5		33.7
160x80x12		160		80		12		18		6		39.5
160x80x12.5		160		80		12.5	18.75	6.25	40.9
180x100x4		180		100		4		6		2		16.9
180x100x5		180		100		5		7.5		2.5		21
180x100x6		180		100		6		9		3		24.9
180x100x6.3		180		100		6.3		9.45	3.15	26.1
180x100x8		180		100		8		12		4		32.6
180x100x10		180		100		10		15		5		40
180x100x12		180		100		12		18		6		47
180x100x12.5	180		100		12.5	18.75	6.25	48.7
200x100x4		200		100		4		7.5		2.5		18.1
200x100x5		200		100		5		7.5		2.5		22.6
200x100x6		200		100		6		9		3		26.8
200x100x6.3		200		100		6.3		9.45	3.15	28.1
200x100x8		200		100		8		12		4		35.1
200x100x10		200		100		10		15		5		43.1
200x100x12		200		100		12		18		6		50.8
200x100x12.5	200		100		12.5	18.75	6.25	52.7
200x100x16		200		100		16		24		8		65.2
200x120x6		200		120		6		9.45	3.45	28.7
200x120x6.3		200		120		6.3		12		5.7		29.9
200x120x8		200		120		8		15		7		37.3
200x120x10		200		120		10		18		8		45.9
200x120x12		200		120		12		18.75	6.75	54.5
200x120x12.5	200		120		12.5	24		12.5	55.7
250x150x5		250		150		5		7.5		2.5		30.4
250x150x6		250		150		6		9		3		36.2
250x150x6.3		250		150		6.3		9.45	3.15	38
250x150x8		250		150		8		12		4		47.7
250x150x10		250		150		10		15		5		58.8
250x150x12		250		150		12		18		6		69.6
250x150x12.5	250		150		12.5	18.75	6.25	72.3
250x150x16		250		150		16		24		8		90.3
260x180x6		260		180		6		9		3		40
260x180x6.3		260		180		6.3		9.45	3.15	41.9
260x180x8		260		180		8		12		4		52.7
260x180x10		260		180		10		15		5		65.1
260x180x12		260		180		12		18		6		77.2
260x180x12.5	260		180		12.5	18.75	6.25	80.1
260x180x16		260		180		16		24		8		100
300x200x5		300		200		5		7.5		2.5		38.3
300x200x6		300		200		6		9		3		45.7
300x200x6.3		300		200		6.3		9.45	3.15	47.9
300x200x8		300		200		8		12		4		60.3
300x200x10		300		200		10		15		5		74.5
300x200x12		300		200		12		18		6		88.5
300x200x12.5	300		200		12.5	18.75	6.25	91.9
300x200x16		300		200		16		24		8		115
350x250x6		350		250		6		9		3		55.1
350x250x6.3		350		250		6.3		9.45	3.15	57.8
350x250x8		350		250		8		12		4		72.8
350x250x10		350		250		10		15		5		90.2
350x250x12		350		250		12		18		6		107
350x250x12.5	350		250		12.5	18.75	6.25	112
350x250x16		350		250		16		24		8		141
400x200x6		400		200		6		9		3		55.1
400x200x6.3		400		200		6.3		9.45	3.15	57.8
400x200x8		400		200		8		12		4		72.8
400x200x10		400		200		10		15		5		90.2
400x200x12		400		200		12		18		6		107
400x200x12.5	400		200		12.5	18.75	6.25	112
400x200x16		400		200		16		24		8		141
450x250x8		450		250		8		12		4		85.4
450x250x10		450		250		10		15		5		106
450x250x12		450		250		12		18		6		126
450x250x12.5	450		250		12.5	18.75	6.25	131
450x250x16		450		250		16		24		8		166
500x300x8		500		300		8		12		4		97.9
500x300x10		500		300		10		15		5		122
500x300x12		500		300		12		18		6		145
500x300x12.5	500		300		12.5	18.75	6.25	151
500x300x16		500		300		16		24		8		191
500x300x20		500		300		20		30		10		235











*UPE
*EN24-62 DIN1025
*Metric Units
*Size/Width/Height/Thickness/Flange Thickness/Radius1/Radius2/Weight
80		80		50		4			7			7		3.5		7.90
100		100		55		4.5			7.5			10		5		9.82
120		120		60		5			8			12		6		12.1
140		140		65		5			9			12		6		14.5
160		160		70		5.5			9.5			12		6		17.0
180		180		75		5.5			10.5		13		6.5		19.7
200		200		80		6			11			13		6.5		22.8
220		220		85		6.5			12			13		6.5		26.6
240		240		90		7			12.5		15		7.5		30.2
270		270		95		7.5			13.5		15		7.5		35.2
300		300		100		9.5			15			15		7.5		44.4
330		330		105		11			16			18		9		53.2
360		360		110		12			17			18		9		61.2
400		400		115		13.5		18			18		9		72.2 













*UPN
*EN24-62 DIN1025
*Metric Units 
*Size/Width/Height/Thickness/Flange Thickness/Radius1/Radius2/Weight
50x25	50		25		5		6				6		3		3.86
50x38	50		38		5		7				7		3.5		5.59
60		60		30		6		6				7		3		5.07
65		65		42		5.5		7.5				7.5		3.25	7.09
80		80		45		6		8				8		4		8.64
100		100		50		6		8.5				8.5		4.25	10.6
120		120		55		7		9				9		4.5		13.4
140		140		60		7		10				10		5		16.0
160		160		65		7.5		10.5			10.5	5.25	18.8
180		180		70		8		11				11		5.5		22.0
200		200		75		8.5		11.5			11.5	5.25	25.3
220		220		80		9		12.5			12.5	6.25	29.4
240		240		85		9.5		13				13		6.5		33.2
260		260		90		10		14				14		7		37.9
280		280		95		10		15				15		7.5		41.8
300		300		100		10		16				16		8		43.2
350		350		100		14		16				16		8		60.6












*HEA
*EN53-62 DIN1025
*Metric Units
*Size/Width/Height/Thickness/Flange Thickness/Radius1/Weight
100		96		100		5		8				12		16.7
120		114		120		5		8				12		19.9
140		133		140		5.5		8.5				12		24.7
160		152		160		6		9				15		30.4
180		171		180		6		9.5				15		35.5
200		190		200		6.5		10				18		42.3
220		210		220		7		11				18		50.5
240		230		240		7.5		12				21		60.3
260		250		260		7.5		12.5			24		68.2
280		270		280		8		13				24		76.4
300		290		300		8.5		14				27		88.3
320		310		300		9		15.5			27		97.6
340		330		300		9.5		16.5			27		105
360		350		300		10		17.5			27		112
400		390		300		11		19				27		125
450		440		300		11.5	21				27		140
500		490		300		12		23				27		155
550		540		300		12.5	24				27		166
600		590		300		13		25				27		178
650		640		300		13.5	26				27		190
700		690		300		14.5	27				27		204
800		790		300		15		28				30		224
900		890		300		16		30				30		252
1000	990		300		16.5	31				30		272










*HEB
*EN53-62 DIN1025
*Metric Units
*Size/Width/Height/Thickness/Flange Thickness/Radius1/Weight
100		100		100		6			10			12		20.4
120		120		120		6.5			11			12		26.7
140		140		140		7			12			12		33.7
160		160		160		8			13			15		42.6
180		180		180		8.5			14			15		51.2
200		200		200		9			15			18		61.3
220		220		220		9.5			16			18		71.5
240		240		240		10			17			21		83.2
260		260		260		10			17.5		24		93.0
280		280		280		10.5		18			24		103
300		300		300		11			19			27		117
320		320		300		11.5		20.5		27		127
340		340		300		12			21.5		27		134
360		360		300		12.5		22.5		27		142
400		400		300		13.5		24			27		155
450		450		300		14			26			27		171
500		500		300		14.5		28			27		187
550		550		300		15			29			27		199
600		600		300		15.5		30			27		212
650		650		300		16			31			27		225
700		700		300		17			32			27		241
800		800		300		17.5		33			30		262
900		900		300		18.5		35			30		291
1000	1000	300		19			36			30		314








*HEM
*EN53-62 DIN1025
*Metric Units
*Size/Width/Height/Thickness/Flange Thickness/Radius1/Weight
100		120		106		12			20			12		41.8
120		140		126		12.5		21			12		52.1
140		160		146		13			22			12		63.2
160		180		166		14			23			15		76.2
180		200		186		14.5		24			15		88.9
200		220		206		15			25			18		103
220		240		226		15.5		26			18		117
240		270		248		18			32			21		157
260		290		268		18			32.5		24		172
280		310		288		18.5		33			24		189
300		340		310		21			39			27		238
320		359		309		21			40			27		245
340		377		309		21			40			27		248
360		395		308		21			40			27		250
400		432		307		21			40			27		256
450		478		307		21			40			27		263
500		524		306		21			40			27		270
550		572		306		21			40			27		278
600		620		305		21			40			27		285
650		668		305		21			40			27		293
700		716		304		21			40			27		301
800		814		303		21			40			30		317
900		910		302		21			40			30		333
1000	1008	302		21			40			30		349









*IPE
*EN 19-57 DIN 1025
*Metric Units
*Size/Height/Width/Thickness/Flange Thickness/Radius1/Weight
80		80		46		3.8			5.2			5		6.0
100		100		55		4.1			5.7			7		8.1
120		120		64		4.4			6.3			7		10.4
140		140		73		4.7			6.9			7		12.9
160		160		82		5			7.7			9		15.8
180		180		91		5.3			8			9		18.8
200		200		100		5.6			8.5			12		22.4
220		220		110		5.9			9.2			12		26.2
240		240		120		6.2			9.8			15		30.7
270		270		135		6.6			10.2		15		36.1
300		300		150		7.1			10.7		15		42.2
330		330		160		7.5			11.5		18		49.1
360		360		170		8			12.7		18		57.1
400		400		180		8.6			13.5		21		66.3
450		450		190		9.4			14.6		21		77.6
500		500		200		10.2		16			21		90.7
550		550		210		11.1		17.2		24		106
600		600		220		12			19			24		122











*IPN
*EN24-62 DIN1026
*Metric Units
*Size/Height/Width/Thickness/Flange Thickness/Radius1/Radius2/Weight
80		80		42		3.9		5.9				3.9		2.3		5.94
100		100		50		4.5		6.8				4.5		2.7		8.32
120		120		58		5.1		7.7				5.1		3.1		11.2
140		140		66		5.7		8.6				5.7		3.4		14.4
160		160		74		6.3		9.5				6.3		3.8		17.9
180		180		82		6.9		10.5			6.9		4.1		21.9
200		200		90		7.5		11.3			7.5		4.5		26.3
220		220		98		8.1		12.2			8.1		4.9		31.1
240		240		106		8.7		13.1			8.7		5.2		36.2
250		250		110		9		13.6			9		5.4		39.0
260		260		113		9.4		14.1			9.4		5.6		41.9
280		280		119		10.1	15.2			10.1	6.1		48.0
300		300		125		10.8	16.2			10.8	6.5		54.2
320		320		131		11.5	17.3			11.5	6.9		61.1
340		340		137		12.2	18.3			12.2	7.3		68.1
360		360		143		13		19.5			13		7.8		76.2
380		380		149		13.7	20.5			13.7	8.2		84.0
400		400		155		14.4	21.6			14.4	8.6		92.6
425		425		163		15.3	23				15.3	9.2		104
450		450		170		16.2	24.3			16.2	9.7		115
475		475		178		17.1	25.6			17.1	10.3	128
500		500		185		18		27				18		10.8	141
550		550		200		19		30				19		11.9	167
600		600		215		21.6	32.4			21.6	13		199







*Round bar
*NFA 45003
*Metric Unit
*Size/Height/Weight
 5.5		5.5		0.19
 6			6		0.22
 7			7		0.30
 8			8		0.39
 9			9		0.50
 10			10		0.62
 11			11		0.75
 12			12		0.89
 13			13		1.04
 14			14		1.21
 15			15		1.39
 16			16		1.58
 17			17		1.78
 18			18		2.00
 19			19		2.23
 20			20		2.47
 21			21		2.72
 22			22		2.98
 24			24		3.55
 25			25		3.85
 27			27		4.49
 28			28		4.83
 30			30		5.55
 32			32		6.31
 34			34		7.13
 35			35		7.55
 36			36		7.99
 37			37		8.44
 38			38		8.90
 40			40		9.86
 42			42		10.90
 44			44		11.90
 45			45		12.50
 47			47		13.60
 50			50		15.40
 52			52		16.70
 54			54		18.00
 56			56		19.30
 58			58		20.70
 60			60		22.20
 63			63		24.50
 65			65		26.00
 68			68		28.50
 70			70		30.20
 73			73		32.90
 75			75		34.70
 78			78		37.50
 80			80		39.50
 83			83		47.70
 90			90		49.90
 95			95		55.60
 100		100		61.70
 105		105		68.00
 110		110		74.60
 115		115		81.50
 120		120		88.80
 125		125		96.30
 130		130		104.00
 135		135		112.00
 140		140		121.00
 145		145		130.00
 150		150		139.00
 155		155		148.00
 160		160		158.00
 170		170		178.00
 180		180		200.00
 190		190		223.00
 200		200		247.00
 210		210		346.00
 220		220		380.00 









*Pipe
*NFA A 49.115/145
*Metric Unit
*Size/Height/Thickness/Weight
8x13 1/4		13.5	2.00	0.57
12x17 3/8		17.2	2.00	0.74
15x21 1/2		21.3	2.35	1.10
20x27 3/4		26.9	2.35	1.41
26x34 1'		33.7	2.90	2.21
33x42 1'1/4		42.4	2.90	2.84
40x49 1'1/2		48.3	3.25	3.26
50x60 2'		60.3	3.25	4.56
60x70 2'1/4		70.0	3.25	5.35
66x76 2'1/2		76.1	3.25	5.80
80x90 3'		88.9	3.25	6.81
90x102 3'1/2	101.6	3.65	8.74
102x114 4'		114.3	3.65	9.89

































